# Analytical parameters for scattering factors in the 0 <= sin theta/lamda < 2.0 ≈^-1 range.
# Reference: Z. Su and P. Coppens, Acta Cryst.  A53, 749-762 (1997).
# Preparation of the table: C. Kim, I. Novozhilova, and P. Coppens.
# Z	Atom	
#	a1		a2		a3		a4		a5		a6
#	b1		b2		b3		b4		b5		b6

1	H
    0.43028     0.28537     0.17134     0.09451     0.01725     0.00114
    23.02312    10.20138    51.25444    4.13511     1.35427     0.24269

2	He
    0.69475     0.62068     0.38661     0.15223     0.12661     0.01907
    5.83366     12.87682    2.53296     28.16171    0.97507     0.25308

3	Li
    0.84645     0.81146     0.81096     0.26115     0.26055     0.00930
    4.63253     1.71862     97.87364    0.50620     200.00000   0.00010

4	Be
    1.59261     1.12768     0.70296     0.53815     0.03863     0.00010
    43.67397    1.86275     0.54243     103.44910   0.00010     0.34975

5	B
    2.07418     1.20577     1.07592     0.52023     0.12280     0.00010
    23.39543    1.07672     60.93249    0.27132     0.27192     0.11361

6	C
    2.09921     1.80832     1.26159     0.56775     0.26303     0.00010
    13.18997    30.37956    0.69255     0.16381     68.42774    0.44083

7	N
    2.45424     2.15782     1.05782     0.57557     0.44959     0.30480
    18.66694    8.31271     0.46989     42.44646    0.08747     0.47126

8	O
	2.34752		1.83006		1.61538		1.52402		0.41423		0.26867
	9.69710		18.59876	5.19879		0.32408		39.79099	0.01150

9	F
	2.96981		2.04536		1.78123		1.52086		0.42253		0.26008
	7.52365		15.41441	3.79721		0.25209		33.76478	0.00488

10 Ne
	3.56413		2.72559		1.67359		1.58884		0.25468		0.19320
	7.30559		3.34491		15.93226	0.13859		0.69111		35.26368

11 Na
	4.16491		2.38097		1.70484		1.59622		0.66291		0.48971
	4.23096		9.48502		0.12559		1.98358		172.13327	82.23091

12 Mg
	3.90882		2.62159		1.69157		1.52610		1.47907		0.77262
	3.06041		6.12146		0.10357		58.65022	1.56940		125.49980

13 Al
	4.25474		3.58301		2.37351		1.72366		0.99400		0.07031
	3.76670		1.69151		45.27810	0.09238		113.96978	17.47922

14 Si
	4.94976		3.25403		2.84957		1.66053		1.22949		0.05611
	2.70254		34.45314	1.24059		0.07201		84.53648	56.34208

15 P
	6.48197		4.31666		1.73759		1.35793		1.10559		0.00010
	1.89537		27.61455	0.50991		66.28296	0.00010		12.05652

16 S
	6.90565		5.24410		1.54516		1.42922		0.87564		0.00010
	1.46764		22.31576	56.06328	0.25588		0.00010 	26.96892

17 Cl
	7.13381		6.26972		1.82658		1.62579		0.14431		0.00010
	1.17455		18.57626	0.07869		48.08203	0.07871		23.23894

18 Ar
	7.28551		7.24549		1.74775		1.72174		0.00010		0.00010
	15.63295	0.95562		0.04456		41.07550	0.00617		20.09628

19 K
	8.13161		7.43972		1.42159		1.12030		0.88342		0.00010
	12.73675	0.77443		0.00010		200.00000	36.18711	82.98380

20 Ca
	8.62965		7.38765		1.63044		1.37681		0.97538		0.00010
	10.45238	0.66036		87.06258	0.00010		181.27760	28.57890

21 Sc
	9.18894		7.36727		1.60214		1.33655		0.78386		0.72047
	9.02948		0.57364		137.40503	0.00010		51.53615	53.74395

22 Ti
	9.75861		7.35354		1.46842		1.40591		1.28669		0.72609
	7.86172		0.50107		32.75146	90.95131	0.00010		149.02872

23 V
	10.25443	7.34699		1.84039		1.72148		1.22611		0.61000
	6.86177		0.43939		23.70259	79.72053	0.00010		149.36488

24 Cr
	10.67225	4.62093		3.33159		2.72784		1.45281		1.19090
	6.12143		0.39293		20.15470	0.39293		92.01317	0.00010

25 Mn
	10.98576	7.35617		2.92091		1.65707		1.08018		0.99906
	5.27951		0.34199		14.55791	54.87900	0.00010		118.26511

26 Fe
	11.18858	7.37206		3.55141		1.68125		1.20893		0.99652
	4.64599		0.30327		12.07655	44.15316	104.11866	0.00010

27 Co
	11.41624	7.38902		4.21351		1.80189		1.26103		0.91710
	4.12258		0.27069		10.36636	38.32442	97.14970	0.00010

28 Ni
	11.76300	7.39888		4.85491		1.98079		1.14857		0.85325
	3.69729		0.24374		9.30593		36.58880	96.02875	0.00010

29 Cu
	11.87211	7.37491		6.08548		1.94337		0.86475		0.85837
	3.34773		0.22522		8.46165		27.95010	98.02165	0.00012

30 Zn
	12.53020	6.57092		5.84880		2.07610		1.65893		1.31388
	3.05828		0.14326		7.58930		28.50706	0.38369		82.22092

31 Ga
	10.69865	7.89127		4.74778		3.83120		2.59218		1.23712
	3.44787		0.15426		2.07387		8.38441		34.93356	99.34732

32 Ge
	9.56335		7.86994		7.64215		3.31296		2.13351		1.47704
	2.21494		0.14284		3.86490		32.69417	8.94286		82.15827

33 As
	10.86205	7.83248		5.48862		4.21250		2.56904		2.03413
	2.10046		0.13209		3.33631		26.38254	5.81992		63.74567

34 Se
	12.63843	7.77316		5.80645		4.44296		1.82898		1.50938
	1.97006		0.12167		3.57609		28.84348	15.15766	64.03025

35 Br
	12.56835	7.70669		5.76243		4.78093		2.48412		1.69674
	1.79826		0.11204		2.98848		25.62856	14.95420	55.44329

36 Kr
	13.32373	7.64645		5.71351		4.95009		2.80427		1.56038
	1.67399		0.10346		17.43646	2.62566		42.87908	19.80281

37 Rb
	17.73932	7.70415		5.33484		4.92829		1.28671		0.00010
	1.68298		0.09944		12.80739	23.59343	200.00000	77.16806

38 Sr
	11.77920	9.53489		7.57120		6.03047		2.02653		1.05652
	1.52266		13.50271	0.08995		1.52251		162.86971	53.07068

39 Y	
	17.89478	9.91124		7.40424		2.14475		1.64266		0.00010
	1.37779		12.18084	0.08009		137.73235	49.81442	0.42187

40 Zr
	18.00877	10.47108	7.22234		2.43263		1.86405		0.00010
	1.25042		11.25972	0.07050		49.09408	131.67513	1.76480

41 Nb
	18.18722	11.07349	7.02786		3.35224		1.35250		0.00606
	1.13993		10.82683	0.06116		38.71734	115.18009	1.19550

42 Mo
	18.36000	6.75320		6.25470		5.52972		3.76774		1.33338
	1.03291		0.05000		10.10135	10.12179	34.16693	104.10497

43 Tc
	18.53113	12.72135	6.39681		2.88811		1.72002		0.74148
	0.93112		9.26800		0.03703		31.91681	110.11821	44.07274

44 Ru
	18.82022	13.49636	6.01136		3.54102		1.19962		0.93207
	0.84363		8.84277		0.02355		27.02179	44.09284	113.68484

45 Rh
	19.15093	14.43898	4.66972		4.66263		1.22522		0.85125
	0.75936		8.27523		26.67965	0.00694		97.04210	0.00695

46 Pd
	19.32300	15.30162	5.26970		5.12338		0.98021		0.00010
	0.69750		7.93132		0.00010		23.54133	60.82499	1.28291

47 Ag
	19.28330	16.71519	5.18450		4.77793		1.03807		0.00010
	0.64519		7.48785		0.00010		24.79225	100.31405	2.33951

48 Cd
	19.22320	17.67107	5.07851		4.43017		1.59588		0.00010
	0.59542		6.92490		0.00010		24.85505	87.61222	31.90172

49 In
	19.16300	18.59170	4.95237		4.27994		2.00969		0.00010
	0.54868		6.39500		0.00010		26.18224	93.70112	8.23922

50 Sn
	19.22704	19.09869	4.79841		4.37320		2.50037		0.00010
	5.84698		0.50421		0.00010		27.22571	81.57248	31.56814

51 Sb
	19.04077	13.05412	6.63670		4.95963		4.60941		2.69795
	0.46176		5.31900		5.31953		28.54198	0.00010		72.65174

52 Te
	19.96327	18.99686	6.19148		4.38583		2.46194		0.00010
	4.81879		0.42169		28.79858	0.00010		70.63864	12.77096

53 I
	18.97925	15.69578	7.06433		4.42489		4.10018		2.73271
	0.38267		4.34879		26.93604	4.35210		0.00010		61.59836

54 Xe
	20.29787	19.00556	9.04165		3.76022		1.89561		0.00010
	3.93838		0.34588		26.70066	0.00010		65.34476	20.30305
